26
54
14
69
49
42
15
34
50
57
72
82
35
71
36
30
77
17
77
68
38
56
41
69
64
89
11
88
55
11
64
76
15
45
21
33
66
74
87
59
57
70
77
55
83
82
33
48
47
80
31
51
87
54
41
88
65
68
40
11
36
19
12
55
54
20
54
56
72
53
11
57
14
42
82
37
75
74
73
83
29
20
19
18
54
85
42
39
78
53
77
32
10
88
24
81
55
77
18
16
82
67
28
88
78
50
21
15
85
62
36
26
60
19
78
62
38
65
57
17
42
74
62
64
16
33
60
31
81
25
30
61
25
49
32
88
39
35
63
22
49
22
28
58
16
59
42
74
71
11
32
83
68
58
46
72
64
20
16
78
60
42
38
12
30
82
87
44
46
13
45
80
60
87
81
81
15
42
78
76
59
34
33
85
37
59
62
50
28
83
44
20
14
69
87
19
46
34
61
66
72
70
19
32
38
84
23
51
41
59
85
75
45
41
52
13
35
17
50
24
16
21
83
61
76
11
35
67
53
84
57
58
43
39
77
77
48
54
17
43
22
26
72
35
14
82
42
60
22
51
63
87
17
28
62
79
30
18
88
76
27
88
19
26
31
60
32
50
22
29
25
84
69
77
53
66
66
66
44
15
45
61
10
85
50
43
10
73
85
36
53
21
88
60
16
43
25
87
47
35
24
63
61
85
74
67
30
49
78
21
46
46
47
66
51
75
34
69
78
28
57
77
66
76
10
21
80
84
72
28
88
19
36
89
38
12
20
15
14
60
19
72
49
25
78
67
67
37
16
31
81
87
15
79
21
75
31
36
76
89
17
19
74
67
63
47
22
21
49
62
87
81
59
82
44
54
44
18
33
85
72
55
71
58
18
81
46
78
25
23
71
77
11
64
14
66
58
30
43
44
63
74
32
15
58
44
65
40
69
79
51
25
53
62
73
33
16
88
78
66
18
15
26
13
44
20
16
18
57
13
81
75
76
47
41
51
27
58
39
10
12
39
15
60
47
31
60
34
46
41
33
73
65
28
57
22
77
76
83
48
26
65
55
62
86
76
58
71
40
84
30
48
37
63
74
38
66
49
28
14
40
44
37
79
84
42
21
25
76
66
38
41
57
82
39
24
73
59
33
17
74
46
67
11
52
37
23
11
86
10
78
14
22
50
77
37
73
81
10
79
56
16
46
75
32
54
81
17
89
60
32
29
31
38
26
69
58
78
39
59
32
27
48
76
59
46
53
62
50
65
16
39
74
44
23
87
64
48
21
31
52
79
76
61
37
24
53
40
39
88
86
12
54
44
34
83
75
20
58
34
67
72
15
18
80
35
45
37
51
24
72
26
43
77
44
46
79
50
43
48
76
26
21
17
30
20
81
77
15
83
62
77
41
63
53
65
83
77
10
57
68
54
76
68
85
50
35
53
69
76
50
60
78
15
37
37
12
20
64
33
72
88
21
71
38
21
15
86
32
30
64
45
69
88
39
68
57
68
55
37
78
35
36
76
51
46
60
47
70
83
23
84
17
15
63
46
27
72
14
82
70
33
36
88
41
23
81
60
30
89
37
26
41
49
35
44
53
78
53
81
75
56
38
31
26
62
17
79
73
88
60
12
36
60
18
25
23
35
84
85
81
75
62
48
78
18
82
27
52
43
78
41
68
48
82
39
24
46
74
60
54
57
43
65
43
78
44
14
60
80
49
54
56
68
15
31
69
69
80
35
17
61
28
68
43
25
66
87
15
29
72
73
82
41
51
17
30
86
41
73
86
34
33
13
55
47
25
71
53
11
84
18
77
42
33
64
83
35
72
52
37
20
74
71
40
64
21
65
41
31
18
63
31
16
27
64
46
77
37
47
15
13
39
87
74
89
12
85
77
35
40
48
60
55
71
20
60
69
25
72
12
20
11
28
27
21
82
18
76
54
14
85
11
67
66
66
73
18
46
62
15
30
30
73
27
61
73
15
24
11
65
68
64
66
67
58
57
37
26
16
82
89
69
20
60
86
87
29
51
73
26
44
46
15
88
40
86
21
31
88
29
47
34
70
82
38
17
46
37
69
52
62
58
53
47
55
54
83
54
76
19
41
29
24
17
29
35
58
57
65
37
70
31
33
79
12
86
72
84
53
14
20
40
71
40
10
61
38
45
13
81
60
89
79
32
44
24
67
74
45
82
74
11
24
77
15
26
74
49
24
18
88
80
79
61
40
10
31
18
36
39
56
89
64
78
78
36
39
42
24
27
23
61
39
14
36
76
10
74
19