46
43
46
49
47
51
48
48
48
52
37
44
42
50
40
49
43
50
47
49
49
48
53
44
48
52
49
47
48
49
44
53
49
49
54
47
54
48
49
46
45
46
50
45
49
50
45
49
55
50
44
49
50
50
51
50
49
48
49
50
47
53
51
41
45
44
47
47
50
50
47
42
49
48
44
49
44
48
45
47
53
48
48
49
51
47
47
45
51
45
45
51
49
46
47
50
48
49
55
51
47
48
45
45
47
46
48
52
51
47
46
47
43
49
53
50
52
44
49
52
48
49
44
47
47
47
47
44
46
49
49
50
46
51
49
42
52
47
46
49
47
43
47
48
43
49
48
50
46
49
49
41
50
49
51
49
46
45
42
49
54
48
50
47
44
46
44
49
49
46
50
47
49
44
52
44
50
51
47
49
47
45
51
49
46
45
42
49
48
45
48
46
49
46
51
45
49
48
47
50
37
50
51
44
47
51
46
46
51
48
46
48
48
39
49
51
47
47
51
46
42
53
45
53
51
46
51
45
49
54
46
47
44
52
46
45
48
46
49
45
52
46
47
49
44
47
49
51
44
47
46
46
49
47
46
48
48
49
48
47
51
50
49
46
51
44
49
49
46
49
48
47
47
41
48
48
45
45
52
53
44
47
50
50
43
49
51
46
48
51
45
44
50
48
50
48
42
48
51
49
45
44
43
50
47
44
45
51
49
50
48
46
46
43
47
49
49
51
49
49
49
47
49
52
46
47
42
47
46
54
48
41
46
46
45
45
46
50
50
48
51
46
50
46
49
53
54
50
49
48
46
45
54
49
46
49
53
49
50
49
44
44
43
46
39
50
49
47
57
49
52
49
44
47
49
52
51
43
50
45
46
47
49
49
51
50
50
48
46
50
52
48
52
51
45
47
49
50
48
49
47
48
46
44
49
48
49
47
47
45
49
50
47
51
45
51
47
50
46
42
48
50
52
51
49
53
47
45
46
49
50
48
50
47
48
49
49
44
48
45
49
52
51
53
45
47
56
56
50
46
46
42
48
46
46
51
43
50
52
52
43
51
44
49
48
44
47
50
46
42
43
47
44
52
48
46
39
47
44
50
46
54
52
52
44
46
46
52
44
48
48
46
46
50
47
48
48
48
53
41
45
49
43
49
47
50
48
52
46
48
53
48
49
44
49
48
48
42
52
50
50
51
47
50
44
50
46
45
44
44
46
46
52
47
42
46
42
48
51
53
48
52
48
51
45
46
45
45
48
50
46
51
51
42
48
44
49
46
47
41
49
52
50
45
46
48
49
46
49
49
49
43
50
55
45
47
46
47
45
47
48
49
47
47
47
51
46
45
46
39
53
49
47
43
47
45
43
47
44
46
50
45
47
42
47
48
53
48
51
41
45
51
42
47
47
47
46
48
51
49
46
48
50
46
50
49
45
53
45
49
47
49
47
45
47
44
48
52
53
50
42
48
48
50
43
49
52
45
48
48
43
45
47
47
45
44
47
43
48
51
45
47
46
47
45
47
47
39
42
48
50
47
50
51
48
49
51
43
49
44
47
45
48
49
51
47
43
48
45
47
47
49
46
48
46
46
48
45
45
47
49
45
47
47
48
46
45
43
44
45
46
50
50
45
47
47
43
42
55
49
50
45
54
45
47
47
44
50
52
46
51
49
49
50
51
47
48
49
46
46
46
46
49
45
46
46
46
51
44
50
43
50
48
48
45
45
42
47
42
50
39
51
47
52
50
54
51
45
55
45
45
45
51
48
50
45
46
51
44
47
50
48
47
50
49
47
49
45
48
48
51
45
41
47
53
43
50
41
50
50
42
53
43
45
48
48
49
47
44
42
53
45
45
45
52
47
49
50
53
48
45
41
47
48
41
48
45
40
44
49
48
46
48
47
48
38
49
49
48
50
45
47
50
43
47
48
49
47
53
46
50
44
46
50
43
50
48
45
49
50
50
45
48
47
42
47
50
42
47
52
51
45
54
51
47
46
49
49
46
49
50
49
42
45
46
54
45
45
44
51
42
51
48
48
46
49
43
48
43
49
47
44
46
44
49
51
49
47
48
48
47
45
44
47
49
49
48
48
47
48
42
48
43
45
45
48
47
45
49
43
45
43
43
48
48
45
49
44
51
52
49
48
45
46
46
49
41
44
45
49
47
48
47
46
45
45
43
47
48
43
48
50
43
50
49
53
47
46
46
48
44
45
57
45
49
50
46
53
49
44
42
45
47
51
46
46
48
45
52
38
42
49
43
53
50
49
48
43
52
50