58
62
55
71
72
56
71
57
58
47
50
58
55
59
68
82
60
56
80
44
60
50
61
64
54
56
59
60
70
64
76
46
67
75
73
61
44
72
59
54
38
64
48
56
63
63
75
76
65
48
44
67
58
67
72
67
65
64
61
44
59
53
53
74
58
86
63
60
58
61
66
70
40
62
64
46
64
63
57
34
53
53
73
72
54
55
57
54
56
53
42
78
69
46
62
57
50
60
70
68
37
54
65
85
57
63
47
52
74
54
59
50
65
59
53
44
62
64
73
49
64
54
86
68
52
64
56
58
67
59
54
48
62
61
67
48
75
58
63
50
70
52
68
73
46
61
55
59
63
49
51
48
87
55
70
70
50
43
64
67
55
66
58
66
57
72
52
42
62
58
53
57
48
60
64
77
60
51
51
67
63
54
54
55
39
62
51
71
63
69
71
65
52
75
62
43
48
44
59
41
55
63
58
48
57
55
70
48
74
53
59
42
61
61
49
62
38
66
48
48
44
72
70
60
39
60
70
51
70
66
72
75
68
50
58
48
60
56
78
49
67
64
54
39
62
67
61
61
61
36
61
52
55
53
47
71
56
77
37
61
54
57
50
60
65
66
74
64
62
49
74
44
75
65
67
68
54
64
61
75
53
57
47
64
75
71
68
52
69
54
69
55
68
72
65
75
40
54
36
77
74
42
53
62
57
73
65
61
68
57
77
58
66
56
83
59
65
61
49
52
57
64
50
59
66
60
61
50
51
56
66
54
53
50
61
39
56
81
43
54
44
48
66
74
61
72
57
53
66
67
55
46
70
52
55
55
52
33
72
73
52
59
65
52
65
59
57
48
68
55
69
66
41
56
53
65
49
54
65
71
71
65
62
62
57
45
59
58
61
59
65
54
44
57
54
64
55
68
56
61
66
62
56
47
47
60
43
61
63
63
64
62
58
61
56
49
62
61
62
60
63
72
64
78
63
56
63
66
50
42
44
65
45
53
57
70
62
54
74
65
67
47
57
53
54
52
47
59
47
56
61
64
52
55
69
44
68
58
65
70
67
56
52
72
65
61
68
33
44
65
43
49
79
50
84
54
80
51
43
56
52
37
65
64
60
64
50
54
34
49
83
51
44
49
61
67
59
54
69
63
65
48
65
35
65
30
53
69
68
70
61
59
57
69
58
67
41
50
74
58
63
62
56
71
71
56
57
43
40
61
58
69
64
81
61
47
62
58
70
59
68
40
46
70
32
50
69
62
51
46
63
54
78
77
74
62
51
55
48
59
46
51
69
47
58
56
45
55
62
66
58
68
42
51
67
72
62
52
59
48
60
67
68
55
57
50
60
41
61
55
61
78
49
79
61
73
47
86
67
57
62
62
76
56
70
43
47
63
53
60
68
54
44
59
65
74
59
47
63
45
57
52
69
59
58
61
55
37
51
68
63
58
48
53
57
53
66
59
59
56
67
61
48
65
65
46
80
41
67
53
51
57
77
73
68
78
66
61
73
82
56
52
56
56
66
72
64
65
73
65
46
51
63
70
57
44
56
79
56
67
66
58
60
72
56
68
56
66
59
80
58
57
52
41
61
66
77
59
66
67
68
52
65
65
70
67
63
58
54
60
67
44
64
66
64
68
85
59
46
58
68
65
73
80
71
56
53
50
61
60
64
55
45
75
67
44
51
77
64
68
50
59
48
47
63
33
49
68
60
53
65
66
49
63
51
53
60
54
57
51
50
51
48
54
63
60
65
50
47
60
68
62
56
61
40
41
62
71
37
53
47
44
56
65
68
59
72
61
62
62
71
75
43
60
62
49
76
48
56
43
62
70
70
61
50
49
51
55
68
50
58
84
65
48
71
83
51
74
67
62
69
62
71
43
67
64
53
58
50
75
48
75
71
79
63
67
50
57
36
55
62
46
67
67
60
78
43
63
35
48
43
65
63
47
71
43
50
53
51
56
65
76
53
68
67
51
61
53
64
49
49
66
28
40
64
58
60
56
63
54
80
67
60
67
67
41
73
46
59
63
66
58
76
63
68
68
79
56
50
54
65
56
59
59
69
65
66
46
65
68
51
65
57
50
58
64
49
55
47
57
41
64
45
64
60
65
44
67
83
54
56
41
64
58
80
54
72
56
49
51
54
60
66
53
52
66
42
55
64
63
49
52
44
64
72
51
58
78
80
46
71
75
53
44
53
49
51
65
61
55
69
74
70
50
60
55
48
60
52
49
60
55
56
63
72
45
51
66
65
63
64
51
57
49
51
57
62
45
54
77